0.01184000
0.01190000
0.01190000
0.01190000
0.01190000
0.01190000
0.01190000
0.01190000
0.01190000
0.01190000
0.01190000
0.01190000
0.01190000
0.01190000
0.01190000
0.01190000
0.01190000
0.01190000
0.01190000
0.01190000
0.01190000
0.01190000
0.01190000
0.01190000
0.01190000
0.01190000
0.01190000
0.01190000
0.01190000
0.01190000
0.01190000
0.01190000
0.01190000
0.01190000
0.01190000
0.01190000
0.01190000
0.01190000
0.01190000
0.01190000
0.01190000
0.01190000
0.01190000
0.01190000
0.01190000
0.01190000
0.01190000
0.01190000
0.01190000
0.01190000
0.01190000
0.01190000
0.01190000
0.01190000
0.01193000
0.01193000
0.01193000
0.01193000
0.01193000
0.01193000
0.01193000
0.01193000
0.01193000
0.01193000
0.01193000
0.01193000
0.01193000
0.01193000
0.01193000
0.01193000
0.01193000
0.01193000
0.01193000
0.01193000
0.01193000
0.01193000
0.01193000
0.01193000
0.01193000
0.01193000
0.01193000
0.01193000
0.01193000
0.01193000
0.01193000
0.01193000
0.01193000
0.01193000
0.01193000
0.01193000
0.01193000
0.01193000
0.01193000
0.01193000
0.01193000
0.01195000
0.01195000
0.01195000
0.01195000
0.01195000
0.01195000
0.01195000
0.01195000
0.01200000
0.01202000
0.01203000
0.01203000
0.01203000
0.01203000
0.01203000
0.01203000
0.01203000
0.01203000
0.01203000
0.01203000
0.01203000
0.01203000
0.01203000
0.01203000
0.01203000
0.01203000
0.01203000
0.01203000
0.01203000
0.01203000
0.01203000
0.01203000
0.01203000
0.01203000
0.01203000
0.01198000
0.01198000
0.01198000
0.01198000
0.01198000
0.01198000
0.01198000
0.01198000
0.01198000
0.01198000
0.01198000
0.01198000
0.01198000
0.01198000
0.01198000
0.01198000
0.01198000
0.01198000
0.01198000
0.01198000
0.01198000
0.01198000
0.01198000
0.01198000
0.01198000
0.01198000
0.01198000
0.01198000
0.01198000
0.01198000
0.01198000
0.01198000
0.01198000
0.01198000
0.01198000
0.01198000
0.01198000
0.01198000
0.01198000
0.01198000
0.01198000
0.01198000
0.01198000
0.01198000
0.01198000
0.01198000
0.01198000
0.01198000
0.01198000
0.01198000
0.01198000
0.01198000
0.01198000
0.01198000
0.01198000
0.01198000
0.01198000
0.01198000
0.01198000
0.01198000
0.01198000
0.01198000
0.01198000
0.01198000
0.01198000
0.01198000
0.01198000
0.01198000
0.01198000
0.01198000
0.01198000
0.01198000
0.01198000
0.01198000
0.01198000
0.01198000
0.01198000
0.01198000
0.01198000
0.01198000
0.01198000
0.01198000
0.01198000
0.01198000
0.01198000
0.01198000
0.01198000
0.01198000
0.01198000
0.01198000
0.01198000
0.01198000
0.01198000
0.01198000
0.01198000
0.01198000
0.01198000
0.01198000
0.01198000
0.01198000
0.01198000
0.01200000
0.01200000
0.01200000
0.01200000
0.01200000
0.01200000
0.01200000
0.01200000
0.01200000
0.01200000
0.01200000
0.01200000
0.01200000
0.01200000
0.01200000
0.01200000
0.01200000
0.01203000
0.01203000
0.01203000
0.01203000
0.01203000
0.01203000
0.01203000
0.01203000
0.01203000
0.01205000
0.01205000
0.01205000
0.01205000
0.01205000
0.01205000
0.01205000
0.01205000
0.01205000
0.01205000
0.01205000
0.01205000
0.01205000
0.01205000
0.01205000
0.01205000
0.01205000
0.01205000
0.01205000
0.01205000
0.01205000
0.01205000
0.01206000
0.01206000
0.01206000
0.01206000
0.01206000
0.01206000
0.01206000
0.01206000
0.01206000
0.01206000
0.01206000
0.01206000
0.01206000
0.01206000
0.01206000
0.01206000
0.01206000
0.01206000
0.01206000
0.01206000
0.01206000
0.01206000
0.01206000
0.01206000
0.01206000
0.01206000
0.01206000
0.01206000
0.01206000
0.01206000
0.01206000
0.01206000
0.01206000
0.01206000
0.01206000
0.01206000
0.01206000
0.01206000
0.01206000
0.01206000
0.01206000
0.01206000
0.01206000
0.01206000
0.01206000
0.01206000
0.01206000
0.01206000
0.01206000
0.01206000
0.01206000
0.01206000
0.01206000
0.01206000
0.01206000
0.01206000
0.01206000
0.01206000
0.01206000
0.01206000
0.01207000
0.01207000
0.01207000
0.01207000
0.01207000
0.01207000
0.01207000
0.01207000
0.01207000
0.01207000
0.01207000
0.01207000
0.01207000
0.01207000
0.01207000
0.01207000
0.01207000
0.01207000
0.01207000
0.01207000
0.01207000
0.01207000
0.01207000
0.01207000
0.01207000
0.01207000
0.01207000
0.01207000
0.01207000
0.01207000
0.01207000
0.01207000
0.01207000
0.01207000
0.01207000
0.01207000
0.01207000
0.01207000
0.01207000
0.01207000
0.01207000
0.01207000
0.01207000
0.01207000
0.01207000
0.01207000
0.01205000
0.01205000
0.01205000
0.01205000
0.01205000
0.01205000
0.01205000
0.01205000
0.01205000
0.01205000
0.01205000
0.01205000
0.01205000
0.01205000
0.01205000
0.01205000
0.01205000
0.01205000
0.01205000
0.01205000
0.01205000
0.01205000
0.01205000
0.01205000
0.01205000
0.01205000
0.01205000
0.01205000
0.01205000
0.01205000
0.01205000
0.01205000
0.01205000
0.01205000
0.01205000
0.01205000
0.01205000
0.01205000
0.01205000
0.01205000
0.01205000
0.01205000
0.01205000
0.01205000
0.01205000
0.01205000
0.01205000
0.01205000
0.01205000
0.01205000
0.01205000
0.01205000
0.01205000
0.01205000
0.01205000
0.01205000
0.01205000
0.01205000
0.01205000
0.01205000
0.01205000
0.01205000
0.01205000
0.01205000
0.01205000
0.01205000
0.01205000
0.01205000
0.01205000
0.01205000
0.01205000
0.01205000
0.01205000
0.01205000
0.01205000
0.01205000
0.01205000
0.01205000
0.01205000
0.01205000
0.01205000
0.01205000
0.01205000
0.01205000
0.01205000
0.01205000
0.01205000
0.01205000
0.01205000
0.01205000
0.01205000
0.01205000
0.01205000
0.01205000
0.01205000
0.01205000
0.01205000
0.01205000
0.01205000
0.01205000
0.01205000
0.01205000
0.01205000
0.01205000
0.01205000
0.01205000
0.01205000
0.01205000
0.01205000
0.01205000
0.01205000
0.01205000
0.01205000
0.01205000
0.01205000
0.01205000
0.01205000
0.01205000
0.01205000
0.01205000
0.01205000
0.01205000
0.01205000
0.01205000
0.01205000
0.01205000
0.01205000
0.01205000
0.01205000
0.01205000
0.01205000
0.01205000
0.01205000
0.01205000
0.01205000
0.01205000
0.01205000
0.01205000
0.01205000
0.01205000
0.01205000
0.01205000
0.01205000
0.01205000
0.01205000
0.01205000
0.01205000
0.01205000
0.01205000
0.01205000
0.01205000
0.01205000
0.01205000
0.01205000
0.01205000
0.01205000
0.01205000
0.01205000
0.01205000
0.01205000
0.01205000
0.01205000
0.01205000
0.01205000
0.01205000
0.01205000
0.01205000
0.01205000
0.01205000
0.01205000
0.01205000
0.01205000
0.01205000
0.01205000
0.01205000
0.01205000
0.01205000
0.01205000
0.01205000
0.01205000
0.01205000
0.01205000
0.01205000
0.01205000
0.01205000
0.01205000
0.01205000
0.01205000
0.01205000
0.01205000
0.01205000
0.01205000
0.01205000
0.01205000
0.01205000
0.01205000
0.01205000
0.01205000
0.01205000
0.01205000
0.01205000
0.01205000
0.01205000
0.01205000
0.01205000
0.01205000
0.01205000
0.01205000
0.01205000
0.01205000
0.01205000
0.01205000
0.01205000
0.01205000
0.01205000
0.01205000
0.01205000
0.01205000
0.01205000
0.01205000
0.01205000
0.01205000
0.01205000
0.01205000
0.01205000
0.01205000
0.01205000
0.01205000
0.01205000
0.01205000
0.01205000
0.01205000
0.01205000
0.01205000
0.01205000
0.01205000
0.01205000
0.01205000
0.01205000
0.01205000
0.01205000
0.01205000
0.01205000
0.01205000
0.01205000
0.01205000
0.01205000
0.01205000
0.01205000
0.01205000
0.01205000
0.01205000
0.01205000
0.01205000
0.01205000
0.01205000
0.01208000
0.01208000
0.01208000
0.01208000
0.01208000
0.01208000
0.01208000
0.01208000
0.01208000
0.01208000
0.01208000
0.01208000
0.01208000
0.01208000
0.01208000
0.01208000
0.01208000
0.01208000
0.01208000
0.01208000
0.01208000
0.01208000
0.01208000
0.01208000
0.01208000
0.01208000
0.01208000
0.01208000
0.01208000
0.01208000
0.01208000
0.01208000
0.01208000
0.01208000
0.01208000
0.01208000
0.01208000
0.01208000
0.01208000
0.01208000
0.01208000
0.01208000
0.01208000
0.01208000
0.01208000
0.01208000
0.01208000
0.01208000
0.01208000
0.01208000
0.01208000
0.01208000
0.01208000
0.01208000
0.01208000
0.01208000
0.01208000
0.01208000
0.01208000
0.01208000
0.01208000
0.01208000
0.01208000
0.01208000
0.01208000
0.01208000
0.01208000
0.01208000
0.01208000
0.01208000
0.01208000
0.01208000
0.01208000
0.01208000
0.01208000
0.01208000
0.01208000
0.01208000
0.01208000
0.01208000
0.01208000
0.01208000
0.01208000
0.01208000
0.01208000
0.01208000
0.01208000
0.01208000
0.01208000
0.01208000
0.01208000
0.01208000
0.01208000
0.01208000
0.01208000
0.01208000
0.01208000
0.01208000
0.01208000
0.01208000
0.01208000
0.01208000
0.01209000
0.01209000
0.01209000
0.01209000
0.01209000
0.01208000
0.01208000
0.01208000
0.01208000
0.01208000
0.01208000
0.01208000
0.01208000
0.01208000
0.01208000
0.01208000
0.01208000
0.01208000
0.01208000
0.01208000
0.01208000
0.01208000
0.01208000
0.01208000
0.01208000
0.01208000
0.01208000
0.01208000
0.01208000
0.01208000
0.01208000
0.01208000
0.01208000
0.01208000
0.01208000
0.01213000
0.01213000
0.01213000
0.01213000
0.01213000
0.01213000
0.01213000
0.01213000
0.01213000
0.01213000
0.01213000
0.01213000
0.01213000
0.01210000
0.01210000
0.01210000
0.01210000
0.01210000
0.01210000
0.01210000
0.01210000
0.01210000
0.01210000
0.01210000
0.01210000
0.01210000
0.01210000
0.01210000
0.01210000
0.01210000
0.01210000
0.01210000
0.01210000
0.01210000
0.01210000
0.01210000
0.01210000
0.01210000
0.01210000
0.01210000
0.01210000
0.01210000
0.01210000
0.01210000
0.01215000
0.01215000
0.01215000
0.01215000
0.01215000
0.01215000
0.01215000
0.01215000
0.01215000
0.01215000
0.01220000
0.01220000
0.01220000
0.01220000
0.01220000
0.01220000
0.01220000
0.01220000
0.01220000
0.01220000
0.01220000
0.01220000
0.01220000
0.01220000
0.01220000
0.01215000
0.01215000
0.01211000
0.01211000
0.01212000
0.01212000
0.01212000
0.01212000
0.01212000
0.01212000
0.01212000
0.01212000
0.01212000
0.01212000
0.01212000
0.01212000
0.01212000
0.01212000
0.01212000
0.01212000
0.01212000
0.01212000
0.01212000
0.01212000
0.01212000
0.01212000
0.01212000
0.01212000
0.01212000
0.01212000
0.01212000
0.01212000
0.01212000
0.01212000
0.01212000
0.01212000
0.01212000
0.01212000
0.01212000
0.01212000
0.01212000
0.01212000
0.01212000
0.01212000
0.01220000
0.01220000
0.01220000
0.01220000
0.01220000
0.01225000
0.01225000
0.01225000
0.01226000
0.01226000
0.01227000
0.01227000
0.01225000
0.01229000
0.01229000
0.01229000
0.01229000
0.01229000
0.01229000
0.01236000
0.01236000
0.01236000
0.01236000
0.01236000
0.01236000
0.01236000
0.01236000
0.01236000
0.01233000
0.01233000
0.01233000
0.01233000
0.01233000
0.01233000
0.01233000
0.01233000
0.01233000
0.01233000
0.01234000
0.01234000
0.01234000
0.01234000
0.01234000
0.01237000
0.01237000
0.01234000
0.01234000
0.01234000
0.01240000
0.01240000
0.01240000
0.01240000
0.01240000
0.01240000
0.01240000
0.01240000
0.01240000
0.01234000
0.01232000
0.01232000
0.01232000
0.01226000
0.01226000
0.01226000
0.01226000
0.01226000
0.01226000
0.01226000
0.01226000
0.01226000
0.01226000
0.01226000
0.01225000
0.01225000
0.01225000
0.01225000
0.01225000
0.01225000
0.01225000
0.01221000
0.01221000
0.01221000
0.01221000
0.01221000
0.01220000
0.01220000
0.01220000
0.01220000
0.01220000
0.01220000
0.01220000
0.01219000
0.01219000
0.01219000
0.01219000
0.01219000
0.01219000
0.01219000
0.01219000
0.01219000
0.01219000
0.01226000
0.01226000
0.01226000
0.01226000
0.01226000
0.01226000
0.01226000
0.01226000
0.01226000
0.01226000
0.01226000
0.01226000
0.01226000
0.01226000
0.01226000
0.01221000
0.01221000
0.01221000
0.01221000
0.01221000
0.01221000
0.01221000
0.01221000
0.01221000
0.01221000
0.01221000
0.01221000
0.01221000
0.01221000
0.01221000
0.01221000
0.01221000
0.01221000
0.01221000
0.01221000
0.01221000
0.01221000
0.01221000
0.01221000
0.01221000
0.01221000
0.01221000
0.01221000
0.01221000
0.01221000
0.01221000
0.01221000
0.01221000
0.01221000
0.01221000
0.01221000
0.01221000
0.01221000
0.01218000
0.01218000
0.01218000
0.01218000
0.01218000
0.01218000
0.01218000
0.01218000
0.01218000
0.01218000
0.01218000
0.01218000
0.01218000
0.01218000
0.01218000
0.01218000
0.01218000
0.01218000
0.01218000
0.01218000
0.01218000
0.01218000
0.01218000
0.01218000
0.01218000
0.01218000
0.01218000
0.01218000
0.01218000
0.01218000
0.01213000
0.01213000
0.01213000
0.01213000
0.01213000
0.01213000
0.01213000
0.01213000
0.01213000
0.01213000
0.01213000
0.01213000
0.01213000
0.01213000
0.01213000
0.01213000
0.01213000
0.01213000
0.01213000
0.01213000
0.01213000
0.01213000
0.01213000
0.01213000
0.01213000
0.01213000
0.01213000
0.01213000
0.01213000
0.01213000
0.01213000
0.01213000
0.01213000
0.01213000
0.01213000
0.01213000
0.01213000
0.01213000
0.01213000
0.01213000
0.01213000
0.01213000
0.01213000
0.01213000
0.01213000
0.01213000
0.01213000
0.01213000
0.01213000
0.01213000
0.01213000
0.01213000
0.01213000
0.01213000
0.01213000
0.01213000
0.01213000
0.01213000
0.01213000
0.01213000
0.01213000
0.01213000
0.01213000
0.01213000
0.01213000
0.01213000
0.01213000
0.01213000
0.01213000
0.01213000
0.01213000
0.01213000
0.01213000
0.01213000
0.01213000
0.01213000
0.01213000
0.01213000
0.01213000
0.01213000
0.01213000
0.01213000
0.01213000
0.01213000
0.01213000
0.01213000
0.01213000
0.01213000
0.01213000
0.01213000
0.01213000
0.01213000
0.01213000
0.01213000
0.01213000
0.01213000
0.01213000
0.01213000
0.01213000
0.01213000
0.01213000
0.01213000
0.01213000
0.01213000
0.01213000
0.01213000
0.01213000
0.01213000
0.01213000
0.01213000
0.01213000
0.01213000
0.01213000
0.01213000
0.01213000
0.01213000
0.01213000
0.01213000
0.01213000
0.01213000
0.01213000
0.01213000
0.01213000
0.01213000
0.01213000
0.01213000
0.01213000
0.01213000
0.01213000
0.01213000
0.01213000
0.01213000
0.01213000
0.01213000
0.01213000
0.01213000
0.01213000
0.01213000
0.01213000
0.01213000
0.01213000
0.01213000
0.01213000
0.01213000
0.01213000
0.01213000
0.01213000
0.01213000
0.01213000
0.01213000
0.01213000
0.01213000
0.01213000
0.01213000
0.01213000
0.01213000
0.01213000
0.01213000
0.01213000
0.01213000
0.01213000
0.01213000
0.01213000
0.01213000
0.01213000
0.01213000
0.01213000
0.01213000
0.01213000
0.01213000
0.01213000
0.01213000
0.01213000
0.01213000
0.01213000
0.01213000
0.01213000
0.01213000
0.01213000
0.01213000
0.01240000
0.01240000
0.01240000
