0.45870000
0.45940000
0.46060000
0.46060000
0.46080000
0.46090000
0.46070000
0.46040000
0.46040000
0.46040000
0.46050000
0.46100000
0.46110000
0.46110000
0.46120000
0.46130000
0.46130000
0.46120000
0.46120000
0.46120000
0.46120000
0.46120000
0.46130000
0.46110000
0.46110000
0.46100000
0.46120000
0.46120000
0.46120000
0.46120000
0.46130000
0.46130000
0.46140000
0.46150000
0.46150000
0.46150000
0.46150000
0.46150000
0.46150000
0.46170000
0.46180000
0.46160000
0.46150000
0.46140000
0.46140000
0.46140000
0.46150000
0.46180000
0.46170000
0.46210000
0.46210000
0.46240000
0.46270000
0.46260000
0.46230000
0.46210000
0.46230000
0.46230000
0.46230000
0.46220000
0.46240000
0.46240000
0.46230000
0.46240000
0.46250000
0.46210000
0.46210000
0.46210000
0.46190000
0.46190000
0.46180000
0.46140000
0.46150000
0.46130000
0.46170000
0.46150000
0.46150000
0.46120000
0.46120000
0.46140000
0.46140000
0.46140000
0.46150000
0.46160000
0.46170000
0.46170000
0.46140000
0.46120000
0.46120000
0.46150000
0.46180000
0.46200000
0.46200000
0.46180000
0.46180000
0.46180000
0.46210000
0.46240000
0.46230000
0.46220000
0.46230000
0.46310000
0.46310000
0.46360000
0.46450000
0.46500000
0.46440000
0.46430000
0.46440000
0.46400000
0.46390000
0.46390000
0.46430000
0.46410000
0.46410000
0.46450000
0.46470000
0.46480000
0.46460000
0.46430000
0.46400000
0.46400000
0.46420000
0.46400000
0.46420000
0.46390000
0.46410000
0.46430000
0.46400000
0.46410000
0.46380000
0.46360000
0.46350000
0.46360000
0.46340000
0.46340000
0.46330000
0.46310000
0.46310000
0.46330000
0.46350000
0.46350000
0.46350000
0.46320000
0.46330000
0.46330000
0.46330000
0.46340000
0.46340000
0.46330000
0.46330000
0.46320000
0.46310000
0.46290000
0.46280000
0.46280000
0.46340000
0.46340000
0.46330000
0.46330000
0.46330000
0.46300000
0.46300000
0.46300000
0.46300000
0.46290000
0.46290000
0.46290000
0.46300000
0.46300000
0.46280000
0.46280000
0.46270000
0.46260000
0.46300000
0.46290000
0.46290000
0.46290000
0.46280000
0.46260000
0.46260000
0.46250000
0.46250000
0.46250000
0.46240000
0.46240000
0.46280000
0.46250000
0.46250000
0.46250000
0.46250000
0.46260000
0.46280000
0.46280000
0.46280000
0.46300000
0.46300000
0.46310000
0.46310000
0.46330000
0.46360000
0.46370000
0.46350000
0.46350000
0.46370000
0.46370000
0.46370000
0.46390000
0.46390000
0.46390000
0.46390000
0.46350000
0.46340000
0.46330000
0.46350000
0.46330000
0.46350000
0.46320000
0.46320000
0.46310000
0.46300000
0.46270000
0.46300000
0.46280000
0.46280000
0.46280000
0.46280000
0.46260000
0.46260000
0.46280000
0.46290000
0.46300000
0.46320000
0.46320000
0.46310000
0.46310000
0.46280000
0.46290000
0.46300000
0.46290000
0.46290000
0.46290000
0.46290000
0.46300000
0.46300000
0.46300000
0.46290000
0.46300000
0.46310000
0.46320000
0.46320000
0.46330000
0.46360000
0.46370000
0.46360000
0.46350000
0.46350000
0.46350000
0.46350000
0.46330000
0.46340000
0.46340000
0.46350000
0.46360000
0.46350000
0.46340000
0.46340000
0.46350000
0.46380000
0.46380000
0.46400000
0.46420000
0.46390000
0.46380000
0.46370000
0.46370000
0.46350000
0.46360000
0.46360000
0.46360000
0.46350000
0.46330000
0.46320000
0.46330000
0.46320000
0.46320000
0.46320000
0.46320000
0.46290000
0.46290000
0.46310000
0.46310000
0.46310000
0.46310000
0.46310000
0.46310000
0.46320000
0.46310000
0.46300000
0.46300000
0.46300000
0.46300000
0.46280000
0.46260000
0.46270000
0.46270000
0.46250000
0.46240000
0.46240000
0.46250000
0.46230000
0.46230000
0.46230000
0.46230000
0.46230000
0.46220000
0.46230000
0.46240000
0.46240000
0.46240000
0.46240000
0.46240000
0.46240000
0.46230000
0.46240000
0.46250000
0.46250000
0.46280000
0.46270000
0.46280000
0.46270000
0.46270000
0.46270000
0.46270000
0.46270000
0.46270000
0.46280000
0.46280000
0.46290000
0.46310000
0.46310000
0.46310000
0.46320000
0.46310000
0.46310000
0.46310000
0.46280000
0.46290000
0.46300000
0.46310000
0.46330000
0.46320000
0.46320000
0.46320000
0.46320000
0.46330000
0.46330000
0.46330000
0.46340000
0.46350000
0.46350000
0.46350000
0.46340000
0.46340000
0.46370000
0.46370000
0.46350000
0.46360000
0.46360000
0.46360000
0.46360000
0.46400000
0.46340000
0.46350000
0.46350000
0.46340000
0.46360000
0.46370000
0.46360000
0.46370000
0.46370000
0.46370000
0.46350000
0.46350000
0.46340000
0.46340000
0.46320000
0.46300000
0.46310000
0.46300000
0.46240000
0.46250000
0.46250000
0.46260000
0.46220000
0.46220000
0.46210000
0.46210000
0.46210000
0.46250000
0.46240000
0.46240000
0.46440000
0.46380000
0.46390000
0.46370000
0.46390000
0.46400000
0.46400000
0.46400000
0.46400000
0.46390000
0.46370000
0.46370000
0.46390000
0.46350000
0.46350000
0.46360000
0.46360000
0.46370000
0.46380000
0.46370000
0.46390000
0.46380000
0.46380000
0.46380000
0.46380000
0.46400000
0.46390000
0.46380000
0.46390000
0.46390000
0.46420000
0.46410000
0.46400000
0.46410000
0.46420000
0.46420000
0.46430000
0.46430000
0.46440000
0.46430000
0.46410000
0.46410000
0.46410000
0.46460000
0.46420000
0.46420000
0.46430000
0.46410000
0.46390000
0.46400000
0.46420000
0.46420000
0.46420000
0.46420000
0.46410000
0.46440000
0.46420000
0.46420000
0.46430000
0.46420000
0.46410000
0.46420000
0.46420000
0.46430000
0.46430000
0.46430000
0.46420000
0.46430000
0.46430000
0.46430000
0.46440000
0.46420000
0.46420000
0.46420000
0.46400000
0.46400000
0.46410000
0.46420000
0.46420000
0.46420000
0.46430000
0.46430000
0.46400000
0.46420000
0.46420000
0.46410000
0.46430000
0.46440000
0.46420000
0.46420000
0.46430000
0.46430000
0.46440000
0.46410000
0.46430000
0.46420000
0.46420000
0.46410000
0.46400000
0.46390000
0.46390000
0.46330000
0.46320000
0.46330000
0.46360000
0.46350000
0.46330000
0.46330000
0.46340000
0.46340000
0.46340000
0.46320000
0.46320000
0.46320000
0.46290000
0.46280000
0.46270000
0.46280000
0.46290000
0.46280000
0.46280000
0.46280000
0.46290000
0.46300000
0.46300000
0.46310000
0.46300000
0.46300000
0.46320000
0.46310000
0.46310000
0.46310000
0.46300000
0.46290000
0.46290000
0.46290000
0.46270000
0.46270000
0.46270000
0.46270000
0.46270000
0.46270000
0.46270000
0.46270000
0.46290000
0.46310000
0.46300000
0.46310000
0.46300000
0.46290000
0.46280000
0.46280000
0.46280000
0.46280000
0.46280000
0.46260000
0.46260000
0.46260000
0.46260000
0.46260000
0.46260000
0.46250000
0.46230000
0.46230000
0.46240000
0.46250000
0.46240000
0.46230000
0.46230000
0.46230000
0.46230000
0.46220000
0.46220000
0.46190000
0.46210000
0.46210000
0.46210000
0.46200000
0.46210000
0.46200000
0.46190000
0.46200000
0.46200000
0.46230000
0.46240000
0.46220000
0.46220000
0.46220000
0.46220000
0.46200000
0.46200000
0.46200000
0.46210000
0.46210000
0.46210000
0.46210000
0.46210000
0.46200000
0.46190000
0.46200000
0.46200000
0.46220000
0.46220000
0.46220000
0.46210000
0.46210000
0.46210000
0.46210000
0.46200000
0.46240000
0.46230000
0.46230000
0.46230000
0.46220000
0.46220000
0.46220000
0.46220000
0.46210000
0.46210000
0.46230000
0.46240000
0.46240000
0.46240000
0.46240000
0.46230000
0.46220000
0.46220000
0.46240000
0.46250000
0.46250000
0.46200000
0.46180000
0.46180000
0.46170000
0.46180000
0.46190000
0.46220000
0.46230000
0.46230000
0.46250000
0.46300000
0.46300000
0.46270000
0.46280000
0.46260000
0.46220000
0.46190000
0.46170000
0.46160000
0.46170000
0.46180000
0.46180000
0.46180000
0.46210000
0.46210000
0.46210000
0.46200000
0.46180000
0.46180000
0.46190000
0.46210000
0.46220000
0.46230000
0.46220000
0.46220000
0.46240000
0.46250000
0.46240000
0.46240000
0.46220000
0.46210000
0.46210000
0.46210000
0.46230000
0.46230000
0.46230000
0.46220000
0.46220000
0.46220000
0.46230000
0.46230000
0.46230000
0.46240000
0.46230000
0.46230000
0.46230000
0.46230000
0.46230000
0.46240000
0.46250000
0.46250000
0.46250000
0.46240000
0.46240000
0.46240000
0.46250000
0.46250000
0.46260000
0.46260000
0.46280000
0.46270000
0.46280000
0.46280000
0.46270000
0.46240000
0.46240000
0.46240000
0.46250000
0.46230000
0.46250000
0.46250000
0.46250000
0.46250000
0.46250000
0.46270000
0.46270000
0.46270000
0.46290000
0.46260000
0.46260000
0.46260000
0.46250000
0.46250000
0.46260000
0.46260000
0.46260000
0.46260000
0.46270000
0.46270000
0.46270000
0.46260000
0.46260000
0.46260000
0.46260000
0.46250000
0.46250000
0.46240000
0.46230000
0.46230000
0.46250000
0.46260000
0.46280000
0.46320000
0.46340000
0.46330000
0.46320000
0.46320000
0.46320000
0.46330000
0.46330000
0.46350000
0.46340000
0.46320000
0.46320000
0.46320000
0.46340000
0.46330000
0.46320000
0.46320000
0.46310000
0.46310000
0.46310000
0.46320000
0.46340000
0.46340000
0.46340000
0.46330000
0.46330000
0.46340000
0.46330000
0.46320000
0.46320000
0.46320000
0.46340000
0.46340000
0.46350000
0.46390000
0.46440000
0.46440000
0.46420000
0.46410000
0.46400000
0.46390000
0.46390000
0.46410000
0.46390000
0.46380000
0.46370000
0.46350000
0.46350000
0.46350000
0.46350000
0.46350000
0.46340000
0.46330000
0.46360000
0.46390000
0.46390000
0.46440000
0.46420000
0.46420000
0.46420000
0.46420000
0.46410000
0.46420000
0.46410000
0.46400000
0.46400000
0.46430000
0.46430000
0.46440000
0.46430000
0.46440000
0.46430000
0.46430000
0.46430000
0.46430000
0.46420000
0.46410000
0.46410000
0.46440000
0.46500000
0.46520000
0.46480000
0.46480000
0.46470000
0.46480000
0.46500000
0.46550000
0.46570000
0.46600000
0.46620000
0.46600000
0.46660000
0.46660000
0.46720000
0.46700000
0.46750000
0.46740000
0.46700000
0.46660000
0.46640000
0.46660000
0.46670000
0.46660000
0.46630000
0.46610000
0.46590000
0.46540000
0.46540000
0.46540000
0.46590000
0.46610000
0.46620000
0.46630000
0.46640000
0.46600000
0.46590000
0.46610000
0.46610000
0.46610000
0.46580000
0.46590000
0.46570000
0.46560000
0.46560000
0.46620000
0.46610000
0.46600000
0.46600000
0.46580000
0.46570000
0.46580000
0.46600000
0.46610000
0.46610000
0.46630000
0.46630000
0.46690000
0.46680000
0.46660000
0.46660000
0.46660000
0.46660000
0.46700000
0.46680000
0.46710000
0.46720000
0.46740000
0.46770000
0.46880000
0.46930000
0.46990000
0.46910000
0.46870000
0.46880000
0.46940000
0.46890000
0.46960000
0.46910000
0.46980000
0.47000000
0.47070000
0.47070000
0.47140000
0.47160000
0.47130000
0.47160000
0.47190000
0.47150000
0.47200000
0.47130000
0.47240000
0.47150000
0.47150000
0.47260000
0.47240000
0.47180000
0.47360000
0.47300000
0.47250000
0.47340000
0.47270000
0.47370000
0.47470000
0.47510000
0.47380000
0.47290000
0.47390000
0.47400000
0.47570000
0.47630000
0.47510000
0.47690000
0.47710000
0.47620000
0.47710000
0.47810000
0.47790000
0.47730000
0.47770000
0.47790000
0.47880000
0.47750000
0.47690000
0.47690000
0.47640000
0.47740000
0.47590000
0.47620000
0.47550000
0.47550000
0.47520000
0.47420000
0.47500000
0.47530000
0.47510000
0.47450000
0.47440000
0.47480000
0.47450000
0.47450000
0.47290000
0.47290000
0.47310000
0.47320000
0.47300000
0.47290000
0.47310000
0.47250000
0.47190000
0.47220000
0.47230000
0.47200000
0.47180000
0.47230000
0.47210000
0.47190000
0.47280000
0.47310000
0.47290000
0.47250000
0.47370000
0.47300000
0.47340000
0.47360000
0.47400000
0.47450000
0.47460000
0.47490000
0.47480000
0.47520000
0.47500000
0.47490000
0.47510000
0.47480000
0.47480000
0.47500000
0.47460000
0.47420000
0.47400000
0.47410000
0.47380000
0.47390000
0.47340000
0.47340000
0.47360000
0.47360000
0.47380000
0.47380000
0.47340000
0.47370000
0.47410000
0.47420000
0.47400000
0.47360000
0.47370000
0.47400000
0.47460000
0.47460000
0.47460000
0.47440000
0.47440000
0.47560000
0.47460000
0.47460000
0.47470000
0.47450000
0.47400000
0.47410000
0.47420000
0.47400000
0.47410000
0.47360000
0.47360000
0.47340000
0.47350000
0.47250000
0.47230000
0.47260000
0.47280000
0.47310000
0.47300000
0.47250000
0.47200000
0.47280000
0.47240000
0.47220000
0.47190000
0.47190000
0.47180000
0.47210000
0.47130000
0.47140000
0.47090000
0.47110000
0.47160000
0.47130000
0.47090000
0.47120000
0.47160000
0.47170000
0.47130000
0.47210000
0.47200000
0.47180000
0.47170000
0.47190000
0.47160000
0.47140000
0.47170000
0.47170000
0.47150000
0.47090000
0.47060000
0.47060000
0.47060000
0.47070000
0.47090000
0.47090000
0.47080000
0.47070000
0.47040000
0.47060000
0.47030000
0.47040000
0.47050000
0.47050000
0.47060000
0.47040000
0.47020000
0.47020000
0.47000000
0.46980000
0.46990000
0.46970000
0.46970000
0.46930000
0.46960000
0.46960000
0.46970000
0.46960000
0.46980000
0.46990000
0.47020000
0.47030000
0.47060000
0.47030000
0.47030000
0.47030000
0.47040000
0.47010000
0.47010000
0.47030000
0.47040000
0.47050000
0.47050000
0.47060000
0.47050000
0.47050000
0.47050000
0.47030000
0.47010000
0.47000000
0.46960000
0.46970000
0.46980000
0.46990000
0.47000000
0.47040000
0.47070000
0.47060000
0.47100000
0.47120000
0.47180000
0.47180000
0.47180000
0.47180000
0.47140000
0.47190000
0.47150000
0.47190000
0.47200000
0.47210000
0.47290000
0.47260000
0.47250000
0.47210000
0.47160000
0.47180000
0.47150000
0.47150000
0.47170000
0.47140000
0.47170000
0.47200000
0.47160000
0.47210000
0.47190000
0.47170000
0.47210000
0.47250000
0.47240000
0.47220000
0.47240000
0.47260000
0.47250000
0.47230000
0.47210000
0.47210000
0.47210000
0.47210000
0.47240000
0.47210000
0.47190000
0.47140000
0.47120000
0.47120000
0.47130000
0.47080000
0.47100000
0.47120000
0.47110000
0.47130000
0.47120000
0.47150000
0.47140000
0.47160000
0.47160000
0.47180000
0.47140000
0.47150000
0.47160000
0.47160000
0.47180000
0.47180000
0.47190000
0.47180000
0.47150000
0.47140000
0.47140000
0.47150000
0.47150000
0.47140000
0.47140000
0.47140000
0.47140000
0.47140000
0.47180000
0.47190000
0.47200000
0.47260000
0.47240000
0.47210000
0.47180000
0.47190000
0.47220000
0.47190000
0.47180000
0.47190000
0.47210000
0.47210000
0.47230000
0.47230000
0.47240000
0.47270000
0.47250000
0.47230000
0.47230000
0.47170000
0.47180000
0.47160000
0.47190000
0.47180000
0.47210000
0.47160000
0.47150000
0.47140000
0.47150000
0.47150000
0.47130000
0.47140000
0.47140000
0.47130000
0.47090000
0.47110000
0.47070000
0.47080000
0.47050000
0.47010000
0.47000000
0.47000000
0.46960000
0.46960000
0.46930000
0.50220000
0.50140000
0.50150000
