19444.77000000
19466.29000000
19511.89000000
19505.53000000
19515.55000000
19520.16000000
19517.96000000
19517.97000000
19512.93000000
19514.08000000
19516.83000000
19525.28000000
19546.56000000
19551.89000000
19555.15000000
19552.81000000
19551.05000000
19546.84000000
19545.86000000
19544.43000000
19544.42000000
19542.37000000
19543.06000000
19550.00000000
19543.06000000
19539.15000000
19537.32000000
19537.33000000
19536.13000000
19534.00000000
19537.90000000
19551.95000000
19549.91000000
19557.85000000
19557.08000000
19558.57000000
19556.18000000
19556.46000000
19558.03000000
19556.76000000
19560.60000000
19586.00000000
19579.96000000
19571.20000000
19563.77000000
19561.33000000
19564.14000000
19571.43000000
19583.69000000
19581.17000000
19602.83000000
19596.42000000
19593.32000000
19624.52000000
19614.69000000
19609.45000000
19598.53000000
19594.79000000
19613.76000000
19613.76000000
19607.63000000
19604.40000000
19612.79000000
19610.88000000
19614.41000000
19615.57000000
19608.55000000
19595.80000000
19592.27000000
19590.70000000
19584.74000000
19583.52000000
19576.39000000
19571.44000000
19580.63000000
19582.75000000
19577.68000000
19579.25000000
19573.17000000
19562.12000000
19567.01000000
19577.14000000
19576.32000000
19582.74000000
19577.69000000
19587.80000000
19592.31000000
19592.31000000
19577.84000000
19569.34000000
19579.31000000
19591.13000000
19596.68000000
19601.16000000
19603.43000000
19588.68000000
19592.87000000
19612.41000000
19614.80000000
19607.14000000
19610.60000000
19610.95000000
19622.40000000
19638.86000000
19653.05000000
19684.44000000
19745.65000000
19722.37000000
19702.41000000
19692.66000000
19686.68000000
19680.13000000
19684.09000000
19687.11000000
19696.05000000
19692.03000000
19707.25000000
19720.39000000
19714.87000000
19723.75000000
19712.55000000
19702.10000000
19696.03000000
19700.44000000
19707.97000000
19706.78000000
19691.43000000
19701.81000000
19705.19000000
19714.42000000
19714.07000000
19707.54000000
19697.78000000
19682.98000000
19682.71000000
19686.94000000
19676.13000000
19672.42000000
19665.28000000
19653.05000000
19662.77000000
19689.04000000
19686.30000000
19686.62000000
19676.02000000
19667.91000000
19675.98000000
19665.37000000
19673.51000000
19684.79000000
19674.47000000
19668.48000000
19660.67000000
19650.01000000
19652.23000000
19640.83000000
19636.95000000
19647.29000000
19668.09000000
19660.95000000
19672.31000000
19666.02000000
19658.70000000
19654.55000000
19657.14000000
19662.62000000
19650.01000000
19652.88000000
19645.57000000
19648.80000000
19645.34000000
19645.87000000
19639.04000000
19636.58000000
19630.08000000
19635.29000000
19643.76000000
19641.24000000
19641.24000000
19632.96000000
19634.01000000
19630.26000000
19627.11000000
19609.57000000
19606.77000000
19608.81000000
19613.82000000
19614.30000000
19616.48000000
19612.34000000
19617.76000000
19619.66000000
19621.04000000
19629.27000000
19629.27000000
19636.02000000
19631.17000000
19626.60000000
19635.40000000
19634.29000000
19640.92000000
19638.18000000
19649.01000000
19651.99000000
19638.25000000
19651.40000000
19654.13000000
19657.94000000
19660.09000000
19657.92000000
19662.48000000
19660.91000000
19650.00000000
19636.73000000
19635.00000000
19634.55000000
19633.72000000
19633.62000000
19626.61000000
19625.76000000
19616.21000000
19614.78000000
19612.96000000
19605.66000000
19619.46000000
19606.68000000
19609.26000000
19612.03000000
19602.05000000
19600.01000000
19600.00000000
19611.19000000
19612.58000000
19611.36000000
19614.78000000
19610.01000000
19605.14000000
19601.04000000
19598.54000000
19603.91000000
19607.08000000
19600.00000000
19600.00000000
19600.01000000
19608.05000000
19600.01000000
19601.38000000
19598.31000000
19598.44000000
19606.69000000
19602.24000000
19614.19000000
19612.70000000
19619.50000000
19631.27000000
19631.25000000
19625.72000000
19626.99000000
19620.32000000
19619.37000000
19611.01000000
19616.04000000
19620.65000000
19620.65000000
19625.72000000
19631.27000000
19625.97000000
19621.57000000
19621.57000000
19631.26000000
19632.91000000
19632.92000000
19645.49000000
19650.02000000
19636.99000000
19627.00000000
19624.31000000
19629.82000000
19627.57000000
19624.99000000
19626.51000000
19620.56000000
19615.84000000
19613.82000000
19613.43000000
19609.42000000
19604.52000000
19607.84000000
19603.27000000
19604.99000000
19602.00000000
19602.87000000
19602.18000000
19604.03000000
19605.00000000
19603.02000000
19609.99000000
19603.03000000
19603.25000000
19600.09000000
19594.21000000
19591.06000000
19588.31000000
19582.42000000
19576.39000000
19580.15000000
19580.71000000
19579.27000000
19571.55000000
19568.97000000
19571.05000000
19570.25000000
19572.19000000
19570.27000000
19570.26000000
19577.85000000
19568.48000000
19572.01000000
19572.01000000
19575.93000000
19574.01000000
19581.12000000
19583.53000000
19577.55000000
19574.10000000
19576.45000000
19576.46000000
19584.49000000
19592.93000000
19603.70000000
19597.84000000
19589.82000000
19595.50000000
19595.77000000
19583.25000000
19588.37000000
19586.99000000
19593.98000000
19594.17000000
19594.17000000
19601.68000000
19610.89000000
19607.99000000
19615.17000000
19617.12000000
19612.49000000
19601.57000000
19594.15000000
19595.22000000
19606.36000000
19607.99000000
19616.01000000
19617.97000000
19614.26000000
19619.31000000
19619.31000000
19627.97000000
19623.96000000
19623.57000000
19622.10000000
19628.43000000
19628.43000000
19629.70000000
19629.70000000
19628.56000000
19631.84000000
19626.43000000
19630.02000000
19628.97000000
19626.18000000
19628.95000000
19625.59000000
19647.07000000
19639.38000000
19618.09000000
19620.65000000
19616.51000000
19615.31000000
19626.20000000
19623.30000000
19629.08000000
19623.30000000
19627.58000000
19619.36000000
19615.51000000
19612.05000000
19616.17000000
19607.34000000
19603.67000000
19597.18000000
19606.73000000
19597.18000000
19590.98000000
19588.41000000
19591.01000000
19589.73000000
19590.99000000
19591.09000000
19591.11000000
19592.08000000
19596.80000000
19603.06000000
19602.75000000
19601.39000000
19616.11000000
19613.85000000
19617.42000000
19617.84000000
19624.02000000
19627.01000000
19629.10000000
19627.47000000
19621.05000000
19607.98000000
19607.98000000
19607.98000000
19606.22000000
19610.15000000
19611.07000000
19608.99000000
19616.88000000
19620.80000000
19622.17000000
19618.53000000
19618.53000000
19615.75000000
19611.03000000
19614.94000000
19614.95000000
19624.95000000
19616.06000000
19613.05000000
19617.34000000
19621.84000000
19619.01000000
19619.02000000
19617.34000000
19620.14000000
19627.33000000
19625.03000000
19624.40000000
19626.22000000
19629.96000000
19628.71000000
19620.00000000
19623.91000000
19623.92000000
19627.28000000
19620.00000000
19626.84000000
19624.00000000
19609.70000000
19617.72000000
19628.71000000
19629.69000000
19629.68000000
19624.12000000
19620.01000000
19620.01000000
19625.03000000
19628.71000000
19626.30000000
19623.91000000
19623.88000000
19629.20000000
19626.47000000
19626.73000000
19625.91000000
19627.96000000
19629.20000000
19627.98000000
19630.18000000
19642.96000000
19632.00000000
19628.67000000
19626.19000000
19622.90000000
19617.49000000
19611.83000000
19621.60000000
19626.83000000
19631.97000000
19630.55000000
19646.13000000
19627.84000000
19633.41000000
19640.90000000
19638.99000000
19633.36000000
19635.56000000
19646.16000000
19649.20000000
19642.03000000
19643.45000000
19651.96000000
19650.29000000
19644.48000000
19644.44000000
19641.91000000
19639.00000000
19630.01000000
19634.66000000
19634.07000000
19630.11000000
19612.90000000
19609.67000000
19607.30000000
19619.18000000
19617.79000000
19612.73000000
19613.88000000
19612.83000000
19616.79000000
19620.01000000
19610.29000000
19607.14000000
19611.07000000
19602.01000000
19599.98000000
19603.72000000
19598.73000000
19600.00000000
19601.55000000
19601.55000000
19603.33000000
19605.93000000
19605.93000000
19620.73000000
19623.72000000
19617.57000000
19611.19000000
19619.04000000
19619.04000000
19618.50000000
19620.81000000
19613.73000000
19604.30000000
19603.33000000
19603.33000000
19603.32000000
19599.98000000
19598.40000000
19600.18000000
19600.00000000
19601.46000000
19601.45000000
19601.46000000
19602.43000000
19614.99000000
19618.63000000
19606.44000000
19603.64000000
19599.76000000
19597.29000000
19601.48000000
19600.37000000
19600.36000000
19600.36000000
19595.01000000
19594.20000000
19592.49000000
19586.76000000
19585.61000000
19590.05000000
19587.20000000
19586.76000000
19579.44000000
19577.79000000
19579.81000000
19579.85000000
19579.86000000
19579.82000000
19578.74000000
19578.40000000
19575.30000000
19575.30000000
19575.30000000
19573.18000000
19575.30000000
19576.69000000
19574.70000000
19569.80000000
19569.81000000
19567.42000000
19566.07000000
19576.39000000
19584.55000000
19588.73000000
19586.02000000
19586.01000000
19586.01000000
19581.78000000
19578.65000000
19568.37000000
19568.37000000
19575.04000000
19575.78000000
19578.57000000
19579.96000000
19573.08000000
19576.22000000
19573.98000000
19572.64000000
19572.63000000
19576.63000000
19576.63000000
19584.44000000
19583.37000000
19575.79000000
19579.67000000
19579.63000000
19578.42000000
19579.62000000
19583.37000000
19588.45000000
19586.05000000
19575.32000000
19578.62000000
19583.71000000
19573.16000000
19573.80000000
19582.99000000
19584.53000000
19592.45000000
19592.46000000
19590.59000000
19592.42000000
19592.45000000
19592.30000000
19590.84000000
19596.20000000
19596.21000000
19596.99000000
19594.53000000
19576.30000000
19576.29000000
19573.83000000
19576.52000000
19576.48000000
19581.78000000
19586.12000000
19592.69000000
19592.60000000
19606.44000000
19619.38000000
19608.56000000
19608.56000000
19608.55000000
19586.76000000
19576.49000000
19565.95000000
19562.44000000
19562.98000000
19572.63000000
19567.47000000
19571.21000000
19577.53000000
19596.57000000
19588.71000000
19581.73000000
19581.72000000
19576.16000000
19580.39000000
19598.56000000
19608.31000000
19611.02000000
19615.06000000
19610.40000000
19606.73000000
19614.21000000
19614.21000000
19614.22000000
19608.31000000
19600.47000000
19598.43000000
19598.43000000
19599.92000000
19612.85000000
19613.72000000
19605.88000000
19607.48000000
19609.80000000
19610.10000000
19613.26000000
19609.33000000
19612.67000000
19612.68000000
19611.76000000
19612.67000000
19613.26000000
19613.29000000
19613.29000000
19622.06000000
19619.56000000
19619.44000000
19629.32000000
19621.31000000
19625.18000000
19630.83000000
19630.89000000
19633.21000000
19636.20000000
19640.00000000
19636.42000000
19642.28000000
19633.26000000
19633.27000000
19621.90000000
19620.87000000
19624.55000000
19625.88000000
19635.20000000
19632.24000000
19635.40000000
19633.20000000
19631.27000000
19627.35000000
19631.64000000
19633.20000000
19640.99000000
19641.00000000
19646.13000000
19646.14000000
19646.13000000
19644.96000000
19637.85000000
19635.74000000
19641.26000000
19643.24000000
19643.25000000
19643.24000000
19643.27000000
19643.31000000
19640.22000000
19633.80000000
19633.80000000
19633.80000000
19631.53000000
19625.88000000
19625.05000000
19623.19000000
19619.59000000
19635.49000000
19638.88000000
19639.99000000
19644.61000000
19676.17000000
19671.44000000
19668.67000000
19665.75000000
19667.54000000
19667.54000000
19670.34000000
19674.90000000
19674.28000000
19664.88000000
19661.06000000
19669.59000000
19662.90000000
19660.77000000
19667.63000000
19667.63000000
19657.82000000
19661.76000000
19658.90000000
19659.79000000
19666.40000000
19670.14000000
19667.54000000
19659.79000000
19667.51000000
19670.75000000
19670.75000000
19668.93000000
19659.55000000
19662.76000000
19670.58000000
19676.81000000
19676.81000000
19695.93000000
19711.51000000
19716.40000000
19716.69000000
19710.09000000
19706.17000000
19700.41000000
19696.17000000
19699.39000000
19705.19000000
19692.26000000
19690.95000000
19676.93000000
19673.80000000
19692.71000000
19686.45000000
19689.27000000
19682.57000000
19673.35000000
19677.20000000
19706.27000000
19697.68000000
19692.28000000
19712.15000000
19714.96000000
19724.46000000
19718.65000000
19717.70000000
19721.65000000
19716.87000000
19718.67000000
19715.98000000
19733.76000000
19737.17000000
19737.19000000
19736.63000000
19733.88000000
19733.89000000
19728.82000000
19730.70000000
19734.68000000
19734.63000000
19734.62000000
19730.00000000
19745.39000000
19768.85000000
19775.94000000
19784.56000000
19773.17000000
19760.99000000
19758.96000000
19760.38000000
19780.30000000
19777.45000000
19789.99000000
19823.51000000
19830.75000000
19836.82000000
19840.61000000
19835.62000000
19845.08000000
19867.51000000
19863.32000000
19864.49000000
19847.06000000
19835.99000000
19839.96000000
19853.37000000
19844.64000000
19834.04000000
19812.79000000
19802.01000000
19784.60000000
19784.81000000
19783.71000000
19790.07000000
19800.22000000
19795.08000000
19807.11000000
19821.35000000
19811.83000000
19804.40000000
19807.68000000
19810.22000000
19815.48000000
19806.97000000
19795.91000000
19793.06000000
19794.58000000
19792.98000000
19790.01000000
19801.52000000
19799.82000000
19795.79000000
19793.34000000
19783.72000000
19780.01000000
19787.74000000
19792.98000000
19803.66000000
19800.67000000
19812.73000000
19818.99000000
19811.58000000
19811.58000000
19806.00000000
19796.37000000
19802.43000000
19816.82000000
19820.82000000
19819.97000000
19830.01000000
19845.00000000
19844.11000000
19878.35000000
19942.46000000
19958.74000000
19964.67000000
19895.24000000
19911.00000000
19915.62000000
19900.59000000
19941.49000000
19911.66000000
19905.74000000
19927.69000000
19941.42000000
19970.17000000
19984.72000000
20033.12000000
20064.20000000
20021.02000000
20106.04000000
20154.24000000
20157.83000000
20143.03000000
20164.19000000
20192.61000000
20140.58000000
20181.71000000
20231.58000000
20198.06000000
20239.16000000
20214.63000000
20218.63000000
20206.75000000
20226.36000000
20215.53000000
20240.62000000
20252.11000000
20236.25000000
20192.87000000
20187.41000000
20218.26000000
20217.32000000
20279.94000000
20251.87000000
20273.58000000
20314.86000000
20261.21000000
20283.00000000
20294.43000000
20326.16000000
20266.93000000
20296.78000000
20281.99000000
20288.06000000
20304.96000000
20281.05000000
20274.47000000
20265.02000000
20250.79000000
20250.80000000
20219.35000000
20221.02000000
20195.47000000
20173.55000000
20161.35000000
20149.36000000
20176.58000000
20166.93000000
20157.67000000
20160.56000000
20183.15000000
20188.25000000
20174.81000000
20165.10000000
20148.78000000
20135.15000000
20157.07000000
20159.01000000
20120.84000000
20116.12000000
20102.72000000
20053.39000000
20078.23000000
20089.36000000
20073.49000000
20066.87000000
20062.05000000
20072.16000000
20060.44000000
20087.27000000
20086.16000000
20098.29000000
20100.01000000
20108.44000000
20121.72000000
20134.21000000
20138.80000000
20151.51000000
20171.07000000
20197.85000000
20179.74000000
20158.86000000
20239.93000000
20210.94000000
20212.60000000
20214.87000000
20229.04000000
20198.56000000
20197.18000000
20194.21000000
20195.38000000
20171.91000000
20167.97000000
20150.01000000
20153.16000000
20146.45000000
20123.43000000
20110.67000000
20103.27000000
20107.32000000
20103.05000000
20109.92000000
20102.39000000
20104.68000000
20123.07000000
20117.20000000
20112.66000000
20107.43000000
20108.39000000
20118.48000000
20175.18000000
20148.61000000
20146.92000000
20154.13000000
20143.31000000
20137.33000000
20126.92000000
20133.74000000
20134.83000000
20123.27000000
20109.16000000
20104.41000000
20110.15000000
20099.54000000
20092.79000000
20094.59000000
20075.51000000
20082.03000000
20077.45000000
20080.01000000
20064.42000000
20085.92000000
20089.10000000
20088.78000000
20065.22000000
20043.73000000
20046.45000000
20046.77000000
20043.27000000
20027.84000000
20014.10000000
20011.68000000
20007.22000000
20000.00000000
19991.49000000
19996.41000000
19985.62000000
20020.81000000
20014.39000000
19982.32000000
19979.77000000
19982.32000000
19999.98000000
19988.69000000
19987.50000000
20002.00000000
20007.03000000
20002.88000000
20005.07000000
20010.99000000
19999.99000000
20000.66000000
20006.56000000
19992.55000000
19965.99000000
19957.19000000
19940.13000000
19948.30000000
19950.28000000
19959.76000000
19981.46000000
19973.67000000
19950.47000000
19947.77000000
19947.92000000
19950.95000000
19938.17000000
19943.87000000
19935.46000000
19938.82000000
19948.24000000
19943.91000000
19927.23000000
19928.74000000
19919.23000000
19917.32000000
19930.89000000
19919.78000000
19915.52000000
19908.80000000
19915.73000000
19912.82000000
19910.03000000
19927.24000000
19930.09000000
19937.14000000
19940.03000000
19942.75000000
19943.76000000
19921.63000000
19921.96000000
19906.14000000
19914.11000000
19903.44000000
19911.61000000
19915.93000000
19924.96000000
19928.73000000
19935.66000000
19922.92000000
19934.83000000
19932.74000000
19919.44000000
19906.26000000
19901.47000000
19891.25000000
19893.60000000
19911.53000000
19909.67000000
19907.40000000
19918.69000000
19929.09000000
19931.10000000
19961.27000000
19953.90000000
19974.48000000
19979.49000000
19981.55000000
19979.03000000
19967.65000000
19984.13000000
19981.20000000
19979.46000000
19990.90000000
20009.67000000
20010.37000000
20033.96000000
20020.05000000
20007.66000000
19970.43000000
19978.89000000
19974.02000000
19962.05000000
19958.99000000
19961.42000000
19971.07000000
19988.95000000
20001.23000000
19991.47000000
19986.27000000
19984.92000000
19979.22000000
19998.29000000
20004.49000000
19993.46000000
19998.42000000
20006.19000000
20014.37000000
20007.89000000
19993.51000000
19991.41000000
19981.80000000
19988.72000000
20007.76000000
20011.88000000
19994.18000000
19948.95000000
19955.48000000
19937.33000000
19919.05000000
19925.39000000
19930.33000000
19936.15000000
19935.16000000
19939.35000000
19948.38000000
19948.38000000
19950.58000000
19951.35000000
19959.83000000
19961.35000000
19950.60000000
19946.59000000
19957.31000000
19957.00000000
19955.10000000
19961.62000000
19965.16000000
19964.00000000
19944.91000000
19942.07000000
19944.56000000
19942.93000000
19951.46000000
19941.36000000
19945.22000000
19941.36000000
19938.31000000
19941.38000000
19937.36000000
19949.07000000
19947.48000000
19964.57000000
19966.94000000
19957.38000000
19942.50000000
19937.68000000
19947.19000000
19950.45000000
19944.97000000
19943.88000000
19960.61000000
19957.54000000
19959.68000000
19967.13000000
19967.12000000
19979.74000000
19980.85000000
19969.96000000
19976.02000000
19969.99000000
19967.61000000
19956.09000000
19955.61000000
19967.60000000
19972.36000000
19975.92000000
19962.11000000
19965.91000000
19965.18000000
19962.83000000
19960.60000000
19956.71000000
19961.41000000
19957.51000000
19954.43000000
19938.01000000
19937.09000000
19934.52000000
19930.02000000
19915.14000000
19905.07000000
19905.08000000
19905.85000000
19905.10000000
19892.11000000
20879.41000000
20846.00000000
20830.57000000
