0.05744000
0.05749000
0.05756000
0.05755000
0.05756000
0.05761000
0.05760000
0.05760000
0.05757000
0.05757000
0.05759000
0.05762000
0.05767000
0.05770000
0.05772000
0.05769000
0.05770000
0.05768000
0.05766000
0.05766000
0.05765000
0.05765000
0.05767000
0.05768000
0.05765000
0.05765000
0.05766000
0.05766000
0.05765000
0.05766000
0.05766000
0.05767000
0.05768000
0.05768000
0.05768000
0.05768000
0.05768000
0.05766000
0.05766000
0.05768000
0.05774000
0.05774000
0.05768000
0.05767000
0.05765000
0.05765000
0.05765000
0.05770000
0.05768000
0.05773000
0.05771000
0.05774000
0.05778000
0.05779000
0.05775000
0.05773000
0.05771000
0.05775000
0.05775000
0.05774000
0.05771000
0.05775000
0.05773000
0.05772000
0.05774000
0.05773000
0.05771000
0.05771000
0.05770000
0.05768000
0.05767000
0.05767000
0.05764000
0.05768000
0.05765000
0.05766000
0.05767000
0.05766000
0.05764000
0.05763000
0.05767000
0.05766000
0.05769000
0.05772000
0.05772000
0.05772000
0.05770000
0.05767000
0.05765000
0.05770000
0.05775000
0.05776000
0.05777000
0.05779000
0.05775000
0.05774000
0.05782000
0.05781000
0.05775000
0.05778000
0.05778000
0.05783000
0.05789000
0.05792000
0.05803000
0.05813000
0.05807000
0.05803000
0.05803000
0.05795000
0.05797000
0.05795000
0.05796000
0.05801000
0.05797000
0.05802000
0.05802000
0.05802000
0.05804000
0.05797000
0.05796000
0.05795000
0.05798000
0.05797000
0.05796000
0.05795000
0.05797000
0.05796000
0.05797000
0.05797000
0.05794000
0.05788000
0.05788000
0.05788000
0.05788000
0.05790000
0.05790000
0.05785000
0.05784000
0.05787000
0.05792000
0.05791000
0.05790000
0.05790000
0.05787000
0.05788000
0.05784000
0.05786000
0.05788000
0.05787000
0.05785000
0.05783000
0.05783000
0.05781000
0.05780000
0.05781000
0.05785000
0.05787000
0.05786000
0.05786000
0.05785000
0.05785000
0.05781000
0.05779000
0.05783000
0.05781000
0.05781000
0.05781000
0.05782000
0.05782000
0.05781000
0.05783000
0.05781000
0.05781000
0.05782000
0.05785000
0.05785000
0.05785000
0.05783000
0.05782000
0.05783000
0.05779000
0.05776000
0.05776000
0.05773000
0.05775000
0.05778000
0.05778000
0.05779000
0.05779000
0.05781000
0.05780000
0.05784000
0.05783000
0.05785000
0.05782000
0.05782000
0.05784000
0.05784000
0.05784000
0.05788000
0.05789000
0.05789000
0.05785000
0.05785000
0.05788000
0.05789000
0.05789000
0.05789000
0.05789000
0.05789000
0.05787000
0.05787000
0.05784000
0.05786000
0.05784000
0.05782000
0.05782000
0.05783000
0.05782000
0.05781000
0.05782000
0.05779000
0.05782000
0.05777000
0.05777000
0.05779000
0.05779000
0.05779000
0.05777000
0.05781000
0.05782000
0.05782000
0.05786000
0.05786000
0.05784000
0.05783000
0.05781000
0.05782000
0.05786000
0.05785000
0.05783000
0.05784000
0.05784000
0.05784000
0.05785000
0.05783000
0.05783000
0.05786000
0.05786000
0.05789000
0.05789000
0.05790000
0.05794000
0.05793000
0.05793000
0.05793000
0.05794000
0.05794000
0.05790000
0.05790000
0.05791000
0.05792000
0.05793000
0.05793000
0.05792000
0.05792000
0.05792000
0.05793000
0.05794000
0.05797000
0.05802000
0.05803000
0.05800000
0.05797000
0.05795000
0.05795000
0.05797000
0.05796000
0.05797000
0.05794000
0.05794000
0.05790000
0.05790000
0.05791000
0.05791000
0.05793000
0.05793000
0.05793000
0.05792000
0.05792000
0.05791000
0.05791000
0.05792000
0.05792000
0.05793000
0.05791000
0.05790000
0.05790000
0.05790000
0.05789000
0.05790000
0.05789000
0.05788000
0.05787000
0.05787000
0.05786000
0.05783000
0.05781000
0.05782000
0.05779000
0.05779000
0.05781000
0.05782000
0.05782000
0.05782000
0.05782000
0.05782000
0.05782000
0.05784000
0.05786000
0.05785000
0.05786000
0.05786000
0.05786000
0.05786000
0.05789000
0.05790000
0.05794000
0.05793000
0.05792000
0.05793000
0.05792000
0.05790000
0.05790000
0.05790000
0.05790000
0.05790000
0.05793000
0.05795000
0.05797000
0.05797000
0.05797000
0.05797000
0.05795000
0.05793000
0.05792000
0.05792000
0.05796000
0.05797000
0.05797000
0.05798000
0.05797000
0.05799000
0.05798000
0.05797000
0.05797000
0.05798000
0.05798000
0.05798000
0.05798000
0.05799000
0.05800000
0.05799000
0.05799000
0.05800000
0.05799000
0.05800000
0.05800000
0.05800000
0.05800000
0.05806000
0.05799000
0.05794000
0.05797000
0.05795000
0.05795000
0.05799000
0.05797000
0.05797000
0.05796000
0.05795000
0.05794000
0.05793000
0.05793000
0.05794000
0.05793000
0.05790000
0.05789000
0.05793000
0.05790000
0.05787000
0.05788000
0.05788000
0.05789000
0.05789000
0.05789000
0.05789000
0.05787000
0.05791000
0.05792000
0.05792000
0.05795000
0.05800000
0.05798000
0.05797000
0.05799000
0.05802000
0.05803000
0.05804000
0.05803000
0.05801000
0.05799000
0.05799000
0.05796000
0.05796000
0.05796000
0.05797000
0.05797000
0.05799000
0.05799000
0.05799000
0.05799000
0.05800000
0.05801000
0.05801000
0.05802000
0.05802000
0.05803000
0.05800000
0.05800000
0.05801000
0.05801000
0.05803000
0.05803000
0.05803000
0.05803000
0.05803000
0.05803000
0.05802000
0.05804000
0.05804000
0.05802000
0.05802000
0.05802000
0.05802000
0.05800000
0.05799000
0.05800000
0.05801000
0.05796000
0.05797000
0.05801000
0.05801000
0.05801000
0.05800000
0.05801000
0.05815000
0.05821000
0.05819000
0.05815000
0.05814000
0.05813000
0.05814000
0.05813000
0.05812000
0.05813000
0.05813000
0.05813000
0.05813000
0.05814000
0.05819000
0.05817000
0.05811000
0.05810000
0.05811000
0.05810000
0.05806000
0.05810000
0.05811000
0.05812000
0.05813000
0.05816000
0.05813000
0.05814000
0.05817000
0.05817000
0.05816000
0.05816000
0.05816000
0.05817000
0.05817000
0.05817000
0.05817000
0.05817000
0.05817000
0.05817000
0.05816000
0.05816000
0.05813000
0.05813000
0.05811000
0.05811000
0.05802000
0.05798000
0.05799000
0.05809000
0.05807000
0.05803000
0.05805000
0.05803000
0.05805000
0.05805000
0.05802000
0.05801000
0.05803000
0.05802000
0.05801000
0.05800000
0.05798000
0.05799000
0.05799000
0.05797000
0.05795000
0.05795000
0.05796000
0.05799000
0.05798000
0.05798000
0.05796000
0.05802000
0.05800000
0.05798000
0.05800000
0.05799000
0.05797000
0.05797000
0.05797000
0.05795000
0.05793000
0.05795000
0.05795000
0.05794000
0.05792000
0.05793000
0.05792000
0.05796000
0.05797000
0.05797000
0.05797000
0.05796000
0.05795000
0.05794000
0.05793000
0.05793000
0.05794000
0.05793000
0.05789000
0.05789000
0.05789000
0.05788000
0.05788000
0.05789000
0.05789000
0.05789000
0.05786000
0.05785000
0.05785000
0.05786000
0.05786000
0.05784000
0.05784000
0.05785000
0.05785000
0.05785000
0.05785000
0.05785000
0.05784000
0.05785000
0.05786000
0.05784000
0.05784000
0.05784000
0.05782000
0.05786000
0.05789000
0.05789000
0.05790000
0.05789000
0.05789000
0.05787000
0.05787000
0.05786000
0.05786000
0.05786000
0.05786000
0.05787000
0.05788000
0.05788000
0.05788000
0.05788000
0.05788000
0.05793000
0.05790000
0.05790000
0.05791000
0.05792000
0.05791000
0.05790000
0.05791000
0.05791000
0.05791000
0.05791000
0.05791000
0.05791000
0.05791000
0.05791000
0.05791000
0.05788000
0.05788000
0.05790000
0.05789000
0.05791000
0.05791000
0.05791000
0.05790000
0.05790000
0.05791000
0.05792000
0.05792000
0.05792000
0.05792000
0.05793000
0.05788000
0.05787000
0.05786000
0.05787000
0.05787000
0.05787000
0.05789000
0.05789000
0.05791000
0.05796000
0.05800000
0.05794000
0.05795000
0.05795000
0.05788000
0.05786000
0.05785000
0.05784000
0.05784000
0.05787000
0.05787000
0.05786000
0.05786000
0.05791000
0.05791000
0.05790000
0.05791000
0.05788000
0.05788000
0.05791000
0.05792000
0.05793000
0.05793000
0.05793000
0.05793000
0.05793000
0.05793000
0.05794000
0.05792000
0.05788000
0.05789000
0.05789000
0.05790000
0.05793000
0.05795000
0.05794000
0.05792000
0.05792000
0.05794000
0.05794000
0.05794000
0.05796000
0.05796000
0.05796000
0.05796000
0.05796000
0.05796000
0.05796000
0.05797000
0.05797000
0.05797000
0.05798000
0.05795000
0.05795000
0.05795000
0.05795000
0.05795000
0.05796000
0.05795000
0.05795000
0.05795000
0.05795000
0.05795000
0.05789000
0.05789000
0.05791000
0.05791000
0.05791000
0.05791000
0.05795000
0.05793000
0.05794000
0.05794000
0.05795000
0.05797000
0.05797000
0.05797000
0.05798000
0.05798000
0.05796000
0.05794000
0.05792000
0.05792000
0.05796000
0.05795000
0.05798000
0.05798000
0.05798000
0.05798000
0.05798000
0.05795000
0.05796000
0.05796000
0.05795000
0.05793000
0.05792000
0.05793000
0.05792000
0.05793000
0.05795000
0.05795000
0.05801000
0.05806000
0.05806000
0.05805000
0.05804000
0.05804000
0.05802000
0.05805000
0.05806000
0.05805000
0.05804000
0.05801000
0.05804000
0.05802000
0.05802000
0.05802000
0.05802000
0.05802000
0.05804000
0.05803000
0.05803000
0.05805000
0.05806000
0.05807000
0.05807000
0.05806000
0.05806000
0.05805000
0.05801000
0.05802000
0.05803000
0.05806000
0.05806000
0.05806000
0.05813000
0.05821000
0.05820000
0.05818000
0.05823000
0.05822000
0.05823000
0.05824000
0.05824000
0.05824000
0.05823000
0.05821000
0.05812000
0.05813000
0.05817000
0.05818000
0.05817000
0.05816000
0.05815000
0.05815000
0.05818000
0.05818000
0.05816000
0.05823000
0.05820000
0.05823000
0.05821000
0.05821000
0.05820000
0.05818000
0.05818000
0.05815000
0.05821000
0.05822000
0.05822000
0.05822000
0.05822000
0.05821000
0.05821000
0.05821000
0.05821000
0.05821000
0.05822000
0.05822000
0.05825000
0.05832000
0.05833000
0.05830000
0.05826000
0.05824000
0.05825000
0.05828000
0.05835000
0.05847000
0.05849000
0.05854000
0.05852000
0.05856000
0.05853000
0.05854000
0.05855000
0.05857000
0.05878000
0.05874000
0.05863000
0.05856000
0.05857000
0.05863000
0.05859000
0.05855000
0.05851000
0.05846000
0.05840000
0.05840000
0.05839000
0.05843000
0.05845000
0.05842000
0.05844000
0.05847000
0.05849000
0.05844000
0.05844000
0.05846000
0.05847000
0.05848000
0.05844000
0.05842000
0.05842000
0.05841000
0.05847000
0.05848000
0.05846000
0.05843000
0.05842000
0.05840000
0.05839000
0.05844000
0.05846000
0.05849000
0.05851000
0.05851000
0.05852000
0.05852000
0.05848000
0.05848000
0.05848000
0.05848000
0.05850000
0.05851000
0.05851000
0.05851000
0.05857000
0.05854000
0.05868000
0.05910000
0.06001000
0.05984000
0.05947000
0.05968000
0.05972000
0.05963000
0.05977000
0.05969000
0.05969000
0.05978000
0.05983000
0.06000000
0.05998000
0.06052000
0.06032000
0.06014000
0.06012000
0.06022000
0.06010000
0.05998000
0.05992000
0.06000000
0.05979000
0.06002000
0.06018000
0.06003000
0.06037000
0.06102000
0.06096000
0.06111000
0.06121000
0.06155000
0.06159000
0.06147000
0.06131000
0.06095000
0.06090000
0.06102000
0.06110000
0.06131000
0.06113000
0.06111000
0.06131000
0.06102000
0.06114000
0.06126000
0.06128000
0.06097000
0.06103000
0.06093000
0.06101000
0.06093000
0.06093000
0.06090000
0.06082000
0.06079000
0.06071000
0.06070000
0.06066000
0.06068000
0.06074000
0.06068000
0.06061000
0.06073000
0.06066000
0.06060000
0.06049000
0.06055000
0.06051000
0.06048000
0.06042000
0.06036000
0.06035000
0.06038000
0.06045000
0.06039000
0.06034000
0.06039000
0.06027000
0.06026000
0.06028000
0.06026000
0.06015000
0.06021000
0.06023000
0.06022000
0.06030000
0.06038000
0.06032000
0.06024000
0.06032000
0.06032000
0.06041000
0.06046000
0.06046000
0.06052000
0.06065000
0.06057000
0.06048000
0.06066000
0.06053000
0.06051000
0.06047000
0.06045000
0.06036000
0.06036000
0.06036000
0.06031000
0.06030000
0.06029000
0.06030000
0.06033000
0.06029000
0.06026000
0.06022000
0.06022000
0.06025000
0.06025000
0.06023000
0.06023000
0.06024000
0.06022000
0.06023000
0.06020000
0.06019000
0.06019000
0.06025000
0.06037000
0.06032000
0.06034000
0.06032000
0.06032000
0.06031000
0.06025000
0.06025000
0.06021000
0.06022000
0.06020000
0.06019000
0.06024000
0.06022000
0.06020000
0.06021000
0.06014000
0.06018000
0.06009000
0.06009000
0.06013000
0.06016000
0.06012000
0.06014000
0.06008000
0.06003000
0.05996000
0.06000000
0.05999000
0.05996000
0.05991000
0.05993000
0.05984000
0.05984000
0.05981000
0.05979000
0.05980000
0.05991000
0.05987000
0.05979000
0.05982000
0.05983000
0.05979000
0.05977000
0.05982000
0.05983000
0.05986000
0.05984000
0.05986000
0.05982000
0.05982000
0.05981000
0.05983000
0.05983000
0.05973000
0.05967000
0.05969000
0.05972000
0.05969000
0.05970000
0.05973000
0.05970000
0.05964000
0.05965000
0.05971000
0.05969000
0.05967000
0.05961000
0.05959000
0.05966000
0.05966000
0.05963000
0.05961000
0.05966000
0.05957000
0.05966000
0.05965000
0.05958000
0.05959000
0.05959000
0.05958000
0.05970000
0.05969000
0.05972000
0.05977000
0.05979000
0.05986000
0.05992000
0.05991000
0.05986000
0.05985000
0.05984000
0.05985000
0.05979000
0.05980000
0.05981000
0.05982000
0.05982000
0.05983000
0.05984000
0.05986000
0.05986000
0.05986000
0.05984000
0.05983000
0.05980000
0.05983000
0.05986000
0.05985000
0.05985000
0.05989000
0.05987000
0.05991000
0.06001000
0.06002000
0.06008000
0.06009000
0.06009000
0.06012000
0.06009000
0.06013000
0.06012000
0.06013000
0.06018000
0.06022000
0.06019000
0.06031000
0.06029000
0.06020000
0.06007000
0.06009000
0.06001000
0.05992000
0.05997000
0.05988000
0.05996000
0.05997000
0.06003000
0.06003000
0.05999000
0.05999000
0.06000000
0.06007000
0.06010000
0.06008000
0.06009000
0.06015000
0.06015000
0.06013000
0.06013000
0.06015000
0.06012000
0.06013000
0.06020000
0.06019000
0.06013000
0.06004000
0.06009000
0.06002000
0.06002000
0.06003000
0.05999000
0.06004000
0.06001000
0.06001000
0.06004000
0.06001000
0.05997000
0.05997000
0.06010000
0.06014000
0.06007000
0.06008000
0.06009000
0.06009000
0.06008000
0.06012000
0.06007000
0.06006000
0.05997000
0.05997000
0.05998000
0.06001000
0.06002000
0.06003000
0.06001000
0.06001000
0.05995000
0.05997000
0.05991000
0.06000000
0.06000000
0.06003000
0.06005000
0.06006000
0.05998000
0.06000000
0.06004000
0.06003000
0.06003000
0.06002000
0.06001000
0.06000000
0.06005000
0.06004000
0.06004000
0.06011000
0.06008000
0.06006000
0.06007000
0.06007000
0.06002000
0.06001000
0.05998000
0.06007000
0.06009000
0.06007000
0.06002000
0.06002000
0.06001000
0.06000000
0.06004000
0.06000000
0.06003000
0.06000000
0.05997000
0.05995000
0.05997000
0.06000000
0.06005000
0.05997000
0.05998000
0.06000000
0.05998000
0.05996000
0.05994000
0.06054000
0.06049000
0.06044000
