53.61000000
53.48000000
53.79000000
53.62000000
53.64000000
53.62000000
53.66000000
53.64000000
53.67000000
53.66000000
53.66000000
53.68000000
53.73000000
53.75000000
53.73000000
53.74000000
53.72000000
53.70000000
53.69000000
53.69000000
53.66000000
53.64000000
53.65000000
53.65000000
53.65000000
53.65000000
53.66000000
53.65000000
53.65000000
53.65000000
53.67000000
53.67000000
53.69000000
53.70000000
53.67000000
53.68000000
53.68000000
53.71000000
53.69000000
53.74000000
53.74000000
53.74000000
53.74000000
53.73000000
53.71000000
53.74000000
53.74000000
53.79000000
53.79000000
53.82000000
53.79000000
53.83000000
53.90000000
53.88000000
53.84000000
53.87000000
53.87000000
53.89000000
53.89000000
53.88000000
53.93000000
53.89000000
53.91000000
53.91000000
53.93000000
53.91000000
53.90000000
53.89000000
53.89000000
53.89000000
53.91000000
53.90000000
53.91000000
53.85000000
53.87000000
53.88000000
53.87000000
53.84000000
53.82000000
53.84000000
53.84000000
53.83000000
53.84000000
53.85000000
53.85000000
53.87000000
53.85000000
53.84000000
53.81000000
53.83000000
53.87000000
53.88000000
53.91000000
53.90000000
53.89000000
53.88000000
53.92000000
53.92000000
53.90000000
53.93000000
53.93000000
54.24000000
54.27000000
54.40000000
54.48000000
54.50000000
54.42000000
54.33000000
54.26000000
54.10000000
54.10000000
54.09000000
54.27000000
54.32000000
54.27000000
54.39000000
54.40000000
54.40000000
54.33000000
54.28000000
54.23000000
54.25000000
54.31000000
54.30000000
54.31000000
54.27000000
54.29000000
54.29000000
54.28000000
54.28000000
54.24000000
54.17000000
54.18000000
54.20000000
54.20000000
54.20000000
54.16000000
54.17000000
54.11000000
54.17000000
54.24000000
54.23000000
54.21000000
54.21000000
54.20000000
54.14000000
54.16000000
54.18000000
54.18000000
54.14000000
54.14000000
54.14000000
54.15000000
54.13000000
54.10000000
54.08000000
54.13000000
54.09000000
54.09000000
54.10000000
54.09000000
54.10000000
54.09000000
54.10000000
54.17000000
54.17000000
54.14000000
54.10000000
54.13000000
54.13000000
54.13000000
54.13000000
54.14000000
54.14000000
54.15000000
54.16000000
54.18000000
54.18000000
54.17000000
54.17000000
54.15000000
54.13000000
54.13000000
54.12000000
54.15000000
54.13000000
54.11000000
54.13000000
54.15000000
54.15000000
54.15000000
54.15000000
54.17000000
54.14000000
54.17000000
54.15000000
54.15000000
54.16000000
54.17000000
54.16000000
54.15000000
54.16000000
54.17000000
54.16000000
54.14000000
54.15000000
54.15000000
54.14000000
54.17000000
54.18000000
54.18000000
54.15000000
54.19000000
54.18000000
54.21000000
54.19000000
54.17000000
54.18000000
54.17000000
54.15000000
54.16000000
54.14000000
53.99000000
53.96000000
53.97000000
53.95000000
53.95000000
53.95000000
53.94000000
53.95000000
53.99000000
53.99000000
53.96000000
54.00000000
53.96000000
53.94000000
53.95000000
53.95000000
53.97000000
53.96000000
53.94000000
53.95000000
53.93000000
53.90000000
53.90000000
53.90000000
53.87000000
53.88000000
53.92000000
53.95000000
53.93000000
53.92000000
53.95000000
53.96000000
53.96000000
53.94000000
53.94000000
53.94000000
53.92000000
53.90000000
53.90000000
53.93000000
53.93000000
53.96000000
53.96000000
53.95000000
53.95000000
53.95000000
53.92000000
53.92000000
53.96000000
53.96000000
53.97000000
53.93000000
53.91000000
53.91000000
53.92000000
53.93000000
53.91000000
53.91000000
53.90000000
53.90000000
53.88000000
53.89000000
53.89000000
53.89000000
53.90000000
53.90000000
53.92000000
53.91000000
53.90000000
53.89000000
53.90000000
53.90000000
53.92000000
53.90000000
53.91000000
53.90000000
53.90000000
53.88000000
53.88000000
53.88000000
53.85000000
53.80000000
53.81000000
53.77000000
53.77000000
53.62000000
53.67000000
53.69000000
53.69000000
53.73000000
53.74000000
53.76000000
53.70000000
53.71000000
53.70000000
53.73000000
53.73000000
53.82000000
53.82000000
53.83000000
53.79000000
53.81000000
53.82000000
53.83000000
53.86000000
53.92000000
53.92000000
53.93000000
53.90000000
53.93000000
53.92000000
53.93000000
53.90000000
53.96000000
53.98000000
53.98000000
53.99000000
53.98000000
53.99000000
53.98000000
54.00000000
53.98000000
53.97000000
53.99000000
53.99000000
54.00000000
54.08000000
54.09000000
54.09000000
54.10000000
54.08000000
54.09000000
54.10000000
54.08000000
54.05000000
54.11000000
54.11000000
54.09000000
54.11000000
54.09000000
54.09000000
54.10000000
54.12000000
54.11000000
54.05000000
54.05000000
54.06000000
54.04000000
54.09000000
54.11000000
54.07000000
54.06000000
54.05000000
54.01000000
54.01000000
53.92000000
53.93000000
53.99000000
53.96000000
53.97000000
53.97000000
53.95000000
53.96000000
53.97000000
53.95000000
53.94000000
53.93000000
53.86000000
53.86000000
53.84000000
53.86000000
53.84000000
53.84000000
53.85000000
53.85000000
53.82000000
53.81000000
53.85000000
53.87000000
53.85000000
53.88000000
53.90000000
53.92000000
53.85000000
53.87000000
53.90000000
53.92000000
53.94000000
53.94000000
53.94000000
53.90000000
53.91000000
53.89000000
53.90000000
53.90000000
53.90000000
53.90000000
53.89000000
53.89000000
53.88000000
53.89000000
53.90000000
53.87000000
53.90000000
53.88000000
53.91000000
53.90000000
53.92000000
53.90000000
53.90000000
53.92000000
53.94000000
53.94000000
53.94000000
53.97000000
53.93000000
53.93000000
53.97000000
53.94000000
53.95000000
53.95000000
53.93000000
53.95000000
53.98000000
53.93000000
53.93000000
53.92000000
53.92000000
53.90000000
53.91000000
53.90000000
53.93000000
53.92000000
53.91000000
53.88000000
53.93000000
53.93000000
53.90000000
53.91000000
53.89000000
53.95000000
53.95000000
53.83000000
53.88000000
53.88000000
53.88000000
53.91000000
53.89000000
53.88000000
53.91000000
53.93000000
53.86000000
53.88000000
53.87000000
53.86000000
53.82000000
53.83000000
53.87000000
53.88000000
53.95000000
53.92000000
53.88000000
53.88000000
53.92000000
53.90000000
53.89000000
53.89000000
53.92000000
53.90000000
53.90000000
53.87000000
53.90000000
53.86000000
53.83000000
53.87000000
53.85000000
53.84000000
53.81000000
53.80000000
53.79000000
53.81000000
53.76000000
53.76000000
53.79000000
53.83000000
53.82000000
53.80000000
53.78000000
53.81000000
53.81000000
53.78000000
53.76000000
53.77000000
53.76000000
53.75000000
53.75000000
53.75000000
53.72000000
53.76000000
53.76000000
53.75000000
53.75000000
53.71000000
53.73000000
53.77000000
53.75000000
53.73000000
53.75000000
53.72000000
53.77000000
53.77000000
53.76000000
53.74000000
53.74000000
53.74000000
53.73000000
53.75000000
53.75000000
53.72000000
53.75000000
53.71000000
53.71000000
53.72000000
53.69000000
53.72000000
53.79000000
53.78000000
53.78000000
53.78000000
53.78000000
53.75000000
53.75000000
53.74000000
53.73000000
53.67000000
53.68000000
53.65000000
53.66000000
53.66000000
53.66000000
53.67000000
53.66000000
53.68000000
53.68000000
53.69000000
53.70000000
53.70000000
53.70000000
53.71000000
53.69000000
53.70000000
53.69000000
53.70000000
53.68000000
53.73000000
53.71000000
53.69000000
53.68000000
53.66000000
53.65000000
53.67000000
53.67000000
53.65000000
53.70000000
53.68000000
53.66000000
53.67000000
53.65000000
53.65000000
53.63000000
53.61000000
53.62000000
53.61000000
53.60000000
53.61000000
53.62000000
53.60000000
53.62000000
53.61000000
53.63000000
53.60000000
53.59000000
53.60000000
53.63000000
53.63000000
53.61000000
53.58000000
53.60000000
53.59000000
53.61000000
53.62000000
53.61000000
53.61000000
53.59000000
53.60000000
53.60000000
53.57000000
53.60000000
53.61000000
53.60000000
53.62000000
53.63000000
53.61000000
53.61000000
53.62000000
53.62000000
53.62000000
53.65000000
53.66000000
53.66000000
53.62000000
53.62000000
53.62000000
53.60000000
53.58000000
53.63000000
53.61000000
53.63000000
53.67000000
53.65000000
53.70000000
53.77000000
53.73000000
53.75000000
53.72000000
53.66000000
53.61000000
53.60000000
53.63000000
53.61000000
53.61000000
53.63000000
53.63000000
53.62000000
53.65000000
53.65000000
53.67000000
53.64000000
53.62000000
53.61000000
53.66000000
53.65000000
53.67000000
53.64000000
53.65000000
53.64000000
53.64000000
53.65000000
53.63000000
53.60000000
53.58000000
53.56000000
53.57000000
53.59000000
53.62000000
53.59000000
53.59000000
53.59000000
53.59000000
53.58000000
53.57000000
53.56000000
53.57000000
53.55000000
53.57000000
53.53000000
53.56000000
53.57000000
53.56000000
53.56000000
53.53000000
53.54000000
53.53000000
53.52000000
53.55000000
53.55000000
53.52000000
53.56000000
53.56000000
53.56000000
53.56000000
53.56000000
53.55000000
53.40000000
53.35000000
53.36000000
53.35000000
53.40000000
53.38000000
53.39000000
53.46000000
53.44000000
53.43000000
53.43000000
53.44000000
53.44000000
53.45000000
53.45000000
53.44000000
53.48000000
53.47000000
53.46000000
53.44000000
53.44000000
53.46000000
53.45000000
53.44000000
53.45000000
53.44000000
53.45000000
53.47000000
53.44000000
53.43000000
53.45000000
53.44000000
53.47000000
53.47000000
53.46000000
53.46000000
53.47000000
53.47000000
53.62000000
53.69000000
53.70000000
53.70000000
53.67000000
53.70000000
53.69000000
53.68000000
53.67000000
53.66000000
53.68000000
53.68000000
53.68000000
53.68000000
53.68000000
53.66000000
53.66000000
53.64000000
53.63000000
53.66000000
53.66000000
53.65000000
53.68000000
53.68000000
53.67000000
53.67000000
53.68000000
53.68000000
53.62000000
53.64000000
53.63000000
53.63000000
53.65000000
53.64000000
53.65000000
53.69000000
53.79000000
53.81000000
53.80000000
53.80000000
53.81000000
53.80000000
53.79000000
53.76000000
53.76000000
53.78000000
53.74000000
53.75000000
53.74000000
53.74000000
53.79000000
53.77000000
53.76000000
53.74000000
53.74000000
53.79000000
53.79000000
53.83000000
53.87000000
53.87000000
53.89000000
53.86000000
53.85000000
53.85000000
53.83000000
53.86000000
53.86000000
53.89000000
53.91000000
53.89000000
53.91000000
53.88000000
53.87000000
53.87000000
53.86000000
53.87000000
53.86000000
53.85000000
53.85000000
53.90000000
53.91000000
53.93000000
53.91000000
53.91000000
53.91000000
53.91000000
53.92000000
53.97000000
54.00000000
54.03000000
54.08000000
54.09000000
54.10000000
54.09000000
54.09000000
54.09000000
54.11000000
54.08000000
54.15000000
54.16000000
54.13000000
54.15000000
54.16000000
54.16000000
54.13000000
54.11000000
54.06000000
54.02000000
54.03000000
54.03000000
54.02000000
54.05000000
54.03000000
54.03000000
54.02000000
54.00000000
53.99000000
54.02000000
54.01000000
54.04000000
54.02000000
54.01000000
53.99000000
54.02000000
53.97000000
54.03000000
54.01000000
54.01000000
54.01000000
53.98000000
53.96000000
53.98000000
54.00000000
53.99000000
53.99000000
54.01000000
54.01000000
54.01000000
54.02000000
53.97000000
54.00000000
53.98000000
54.01000000
54.01000000
54.00000000
54.00000000
54.04000000
54.07000000
54.05000000
54.27000000
54.42000000
54.51000000
54.70000000
54.52000000
54.73000000
54.69000000
54.60000000
54.79000000
54.66000000
54.74000000
54.74000000
54.80000000
54.89000000
55.02000000
55.04000000
55.08000000
55.12000000
55.04000000
55.14000000
55.06000000
54.93000000
55.02000000
54.98000000
54.96000000
55.05000000
55.06000000
54.91000000
55.01000000
54.95000000
54.90000000
55.07000000
55.04000000
55.07000000
55.05000000
55.09000000
55.03000000
54.97000000
55.05000000
55.11000000
55.09000000
55.39000000
55.41000000
55.51000000
55.72000000
55.55000000
55.60000000
55.70000000
55.80000000
55.63000000
55.66000000
55.77000000
55.80000000
55.72000000
55.61000000
55.70000000
55.60000000
55.57000000
55.47000000
55.50000000
55.41000000
55.32000000
55.34000000
55.22000000
55.26000000
55.29000000
55.26000000
55.18000000
55.16000000
55.17000000
55.15000000
55.10000000
54.96000000
54.92000000
54.89000000
54.90000000
54.86000000
54.80000000
54.85000000
54.80000000
54.72000000
54.71000000
54.71000000
54.73000000
54.65000000
54.68000000
54.78000000
54.77000000
54.79000000
54.84000000
54.80000000
54.78000000
54.91000000
54.81000000
54.83000000
54.84000000
54.84000000
54.84000000
54.98000000
54.88000000
54.93000000
55.11000000
55.00000000
55.04000000
55.04000000
55.00000000
54.93000000
55.05000000
55.03000000
54.99000000
54.93000000
54.93000000
54.93000000
54.91000000
54.86000000
54.85000000
54.84000000
54.91000000
54.91000000
54.91000000
54.92000000
54.93000000
54.94000000
54.95000000
54.92000000
54.91000000
54.89000000
54.91000000
54.96000000
55.03000000
54.97000000
54.92000000
54.96000000
54.94000000
54.90000000
54.92000000
54.93000000
54.91000000
54.91000000
54.88000000
54.91000000
54.87000000
54.85000000
54.83000000
54.84000000
54.82000000
54.83000000
54.69000000
54.64000000
54.68000000
54.67000000
54.63000000
54.63000000
54.62000000
54.55000000
54.59000000
54.57000000
54.51000000
54.49000000
54.46000000
54.45000000
54.42000000
54.38000000
54.37000000
54.38000000
54.40000000
54.52000000
54.42000000
54.43000000
54.45000000
54.46000000
54.47000000
54.56000000
54.61000000
54.60000000
54.63000000
54.57000000
54.57000000
54.55000000
54.58000000
54.61000000
54.58000000
54.53000000
54.52000000
54.49000000
54.45000000
54.49000000
54.48000000
54.48000000
54.52000000
54.47000000
54.44000000
54.42000000
54.44000000
54.48000000
54.46000000
54.43000000
54.45000000
54.49000000
54.45000000
54.46000000
54.44000000
54.40000000
54.34000000
54.35000000
54.32000000
54.26000000
54.23000000
54.24000000
54.09000000
54.17000000
54.21000000
54.29000000
54.29000000
54.31000000
54.53000000
54.52000000
54.44000000
54.47000000
54.43000000
54.42000000
54.44000000
54.48000000
54.51000000
54.49000000
54.47000000
54.51000000
54.55000000
54.56000000
54.48000000
54.49000000
54.42000000
54.40000000
54.38000000
54.41000000
54.42000000
54.45000000
54.43000000
54.45000000
54.50000000
54.55000000
54.53000000
54.61000000
54.60000000
54.65000000
54.68000000
54.67000000
54.64000000
54.65000000
54.62000000
54.60000000
54.62000000
54.64000000
54.64000000
54.67000000
54.67000000
54.66000000
54.68000000
54.56000000
54.56000000
54.54000000
54.54000000
54.53000000
54.45000000
54.45000000
54.55000000
54.55000000
54.61000000
54.56000000
54.57000000
54.58000000
54.59000000
54.60000000
54.62000000
54.61000000
54.63000000
54.63000000
54.64000000
54.62000000
54.60000000
54.58000000
54.57000000
54.61000000
54.60000000
54.58000000
54.45000000
54.46000000
54.48000000
54.41000000
54.43000000
54.43000000
54.44000000
54.44000000
54.45000000
54.47000000
54.47000000
54.45000000
54.44000000
54.48000000
54.48000000
54.45000000
54.47000000
54.47000000
54.45000000
54.46000000
54.45000000
54.45000000
54.46000000
54.43000000
54.42000000
54.44000000
54.42000000
54.46000000
54.32000000
54.32000000
54.32000000
54.29000000
54.29000000
54.30000000
54.34000000
54.41000000
54.59000000
54.51000000
54.45000000
54.40000000
54.40000000
54.44000000
54.36000000
54.40000000
54.37000000
54.37000000
54.38000000
54.38000000
54.39000000
54.40000000
54.43000000
54.39000000
54.38000000
54.43000000
54.36000000
54.37000000
54.33000000
54.35000000
54.34000000
54.34000000
54.33000000
54.33000000
54.32000000
54.30000000
54.33000000
54.32000000
54.34000000
54.34000000
54.34000000
54.31000000
54.30000000
54.27000000
54.29000000
54.25000000
54.17000000
54.17000000
54.15000000
54.15000000
54.15000000
54.16000000
53.06000000
53.01000000
53.00000000
